layout_spectrum: 0.3680851
typography_spectrum: 0.2595745
color:
  saturation: 0.05531915
  lightness: 1
  brandStrength: 0.5106383
  rhythmicContrast: 0.0993863
name: Fouroclock
